Latitude: 42.869600, Longitude: 74.593200
Latitude: 42.869600, Longitude: 74.593200
